cust_id,gender
3500,0.7168876535991683
3501,0.27166660384385144
3502,0.24121701312748195
3503,0.32562481022470147
3504,0.46829398062664057
3505,0.26414082436114966
3506,0.1227695304240694
3507,0.6656589878832604
3508,0.2828804416414004
3509,0.1532548983548197
3510,0.17872321172493505
3511,0.4578476094613393
3512,0.41257310351597376
3513,0.1731442588874017
3514,0.6230976366988284
3515,0.2118042806642673
3516,0.16883894885375325
3517,0.19605212530854288
3518,0.24936667240264707
3519,0.5213704042293926
3520,0.742036096026979
3521,0.48997994355881663
3522,0.5048682877099067
3523,0.18099475115122537
3524,0.17456208272874696
3525,0.5962078705867414
3526,0.2428243205779136
3527,0.7694509830923922
3528,0.5096088671787491
3529,0.2659515050877209
3530,0.19723477706183334
3531,0.7297078594362469
3532,0.11945445176262857
3533,0.2630970962146011
3534,0.6063272031878932
3535,0.22023304521709702
3536,0.2951938922832033
3537,0.5898455374442552
3538,0.456949519002242
3539,0.43405809696650477
3540,0.1754701040568373
3541,0.24105827358038
3542,0.23195873726219607
3543,0.625747646606904
3544,0.36259891283499107
3545,0.4363587296878024
3546,0.3244812337984701
3547,0.20894139569035575
3548,0.6579192557264025
3549,0.2803384460231637
3550,0.395942221811999
3551,0.48655402770661155
3552,0.2163780275362736
3553,0.3627289839633057
3554,0.253346433947635
3555,0.19281005839105292
3556,0.5280416262711165
3557,0.3096853800837354
3558,0.20022363444056349
3559,0.4172183188363929
3560,0.5011710861018239
3561,0.526049787031901
3562,0.3552488617596527
3563,0.29524488679784794
3564,0.6934218568969461
3565,0.37762043516399063
3566,0.11008987253450661
3567,0.3797933038111936
3568,0.5471054364191381
3569,0.28236213323151893
3570,0.2129064984348621
3571,0.35293498902073417
3572,0.6664649589631807
3573,0.5431624431366114
3574,0.3604536026142997
3575,0.6115951984886241
3576,0.6001201267537534
3577,0.3553041915651031
3578,0.22463931943361873
3579,0.2845801492829769
3580,0.6033107239351844
3581,0.5847598161477094
3582,0.6950339155276931
3583,0.5539784833241731
3584,0.23279677061178505
3585,0.3572452289138152
3586,0.0977309403670049
3587,0.2181524962329234
3588,0.2285742905707864
3589,0.2246168519213303
3590,0.6824820316805634
3591,0.4006085278141784
3592,0.7069402119979573
3593,0.29230669219323113
3594,0.1366482022238388
3595,0.3993289387273788
3596,0.2433995878678888
3597,0.1975378967116732
3598,0.36873410625742437
3599,0.5876910476009762
3600,0.4467098776604145
3601,0.3666820939876393
3602,0.36076703220372913
3603,0.13441658891766667
3604,0.7633856278621399
3605,0.2940058717189994
3606,0.3671988804998076
3607,0.24107352724653117
3608,0.3306756893225117
3609,0.21972551671948232
3610,0.2960622176646577
3611,0.509744265129489
3612,0.6099508006589285
3613,0.18073038515410056
3614,0.3756039406064967
3615,0.1618909989303437
3616,0.4986307042490399
3617,0.589283034656026
3618,0.6359888097275332
3619,0.16212405079530845
3620,0.2975202191369088
3621,0.4330332536388835
3622,0.19111229521487075
3623,0.6229367159165642
3624,0.1531767936107027
3625,0.39283518027185327
3626,0.5589696970637931
3627,0.28400067391357403
3628,0.638638888271215
3629,0.2850970335344081
3630,0.5940591510440989
3631,0.3335287775525323
3632,0.6361546216654955
3633,0.17763822424134618
3634,0.16244308898716278
3635,0.520888030823492
3636,0.43339674611453777
3637,0.16552552477170074
3638,0.5782743082435912
3639,0.6675557435234117
3640,0.544299965986778
3641,0.36485059341834014
3642,0.7073698739884302
3643,0.17344314095938046
3644,0.2640140239798079
3645,0.2738567431202259
3646,0.21115454561346317
3647,0.24968211574869054
3648,0.6717599354579755
3649,0.2771816328340576
3650,0.3989514551265661
3651,0.5721571057849352
3652,0.7020319326185546
3653,0.3249815603728355
3654,0.3772969987884438
3655,0.3350498075716691
3656,0.4117088381517717
3657,0.45301517876945663
3658,0.19769613112920942
3659,0.23746829681827394
3660,0.3359419820330858
3661,0.4704765635574688
3662,0.17711911413159687
3663,0.579970703835142
3664,0.408096190470092
3665,0.646298247512325
3666,0.6018177383387814
3667,0.23314719611675866
3668,0.18191774967968022
3669,0.6161371547824585
3670,0.13023094371671887
3671,0.6188718614522706
3672,0.11107906869498657
3673,0.32431268538194546
3674,0.28965499715290366
3675,0.5344427628429043
3676,0.18400929761328846
3677,0.3156404644478098
3678,0.30935957779888973
3679,0.15257588357032895
3680,0.18188574842537775
3681,0.5351709907785875
3682,0.6304458198064332
3683,0.17847657539551035
3684,0.4785328765007245
3685,0.682505884768244
3686,0.4333631901974518
3687,0.44598204600204916
3688,0.14395621278517756
3689,0.6242327260848649
3690,0.7090615501402245
3691,0.13327681965526836
3692,0.5866666946548986
3693,0.24227128352158103
3694,0.4478497623111093
3695,0.7129653188306799
3696,0.5247626044435146
3697,0.6485298705258762
3698,0.28569648038375256
3699,0.2968424183907425
3700,0.17727895657348397
3701,0.10165363106042075
3702,0.24957902800185483
3703,0.5245711800703944
3704,0.714605910025651
3705,0.3893456347574603
3706,0.27918862672017775
3707,0.1581355180375071
3708,0.16088052560420907
3709,0.15088805157086593
3710,0.208615954296361
3711,0.23539557335263014
3712,0.510924392654471
3713,0.20061808502845802
3714,0.2296538487826223
3715,0.3029019515309152
3716,0.17164241379665152
3717,0.27501325381458597
3718,0.1322072744957902
3719,0.24595654909194764
3720,0.4173708492853597
3721,0.5450965295584691
3722,0.1264778714263485
3723,0.4781383237172245
3724,0.3409232400253055
3725,0.311769425367582
3726,0.49723450996200974
3727,0.6787649814559393
3728,0.30013736979546213
3729,0.6291917489354627
3730,0.2980512047596328
3731,0.40428845102095234
3732,0.5534145999074058
3733,0.754761277063872
3734,0.12313863718898269
3735,0.31487076442783374
3736,0.43956267786342007
3737,0.5707806613460092
3738,0.21895195560577138
3739,0.5265135084216133
3740,0.5189922172544932
3741,0.6609134592137818
3742,0.2222828393031134
3743,0.1752420144965357
3744,0.2948095734822439
3745,0.2727890289408492
3746,0.3400565672119483
3747,0.12106678795045961
3748,0.2074208692056334
3749,0.5422371143016425
3750,0.2147126639893338
3751,0.5977807813352506
3752,0.17789663158606758
3753,0.632543836694787
3754,0.2719870271211788
3755,0.5990196011145236
3756,0.6060517338872877
3757,0.15543647428141813
3758,0.29868838929531016
3759,0.2969366234614439
3760,0.27264197659277006
3761,0.5788808084646097
3762,0.16895496451993156
3763,0.20442627722595627
3764,0.5898759691689036
3765,0.1038579127130052
3766,0.40658601688433027
3767,0.757727669335446
3768,0.7638319847625297
3769,0.6495662968755962
3770,0.6762621047266972
3771,0.14123849618260662
3772,0.6182454197978853
3773,0.5740005299026477
3774,0.21630233938256976
3775,0.7165408170586964
3776,0.6574531830642719
3777,0.6960043822491907
3778,0.24079201871777983
3779,0.14522960402245638
3780,0.2833944011184837
3781,0.24993969950490258
3782,0.4095921884609735
3783,0.28826997932530435
3784,0.2653550174097202
3785,0.5829286255027881
3786,0.18121809732331134
3787,0.6847975897729219
3788,0.3122368352245431
3789,0.3747829183780917
3790,0.34308319413813204
3791,0.24763785862112297
3792,0.5398385397963935
3793,0.6283806975173768
3794,0.21696032166582443
3795,0.5592638199802409
3796,0.11045748981564418
3797,0.5839020366042826
3798,0.48229383241273394
3799,0.22989865779676888
3800,0.1653094173669219
3801,0.22265028614597882
3802,0.25004151762217813
3803,0.30883295553580814
3804,0.330142519434607
3805,0.3833068632151562
3806,0.6728064152033104
3807,0.1623119293486946
3808,0.5540727305007218
3809,0.3053522283577977
3810,0.2727819869087098
3811,0.5699151850416972
3812,0.32566169091540476
3813,0.5515350704005071
3814,0.39211773888415025
3815,0.5916807611348075
3816,0.3462210966190401
3817,0.11223809096806818
3818,0.2948402282142392
3819,0.1573099829105323
3820,0.6063185928030996
3821,0.590345021212784
3822,0.24501562472768845
3823,0.16362206253831485
3824,0.19703262646774036
3825,0.5606636350875291
3826,0.15704959289156864
3827,0.20386681903086684
3828,0.20759679311342163
3829,0.7568418474417804
3830,0.7291479453436011
3831,0.17999914288231644
3832,0.22373664168371735
3833,0.13067956811450526
3834,0.4277751953833329
3835,0.27482930180141557
3836,0.17635000134229717
3837,0.28367811053849745
3838,0.6206687156754304
3839,0.5954834592905546
3840,0.7428468787841327
3841,0.23257073475437906
3842,0.15662940327404942
3843,0.3030536044283705
3844,0.6008812559295786
3845,0.28112239611456147
3846,0.11386820520272581
3847,0.16191931956315547
3848,0.18604526792746887
3849,0.656590263921675
3850,0.1922449944841606
3851,0.29124451878264074
3852,0.7529156393699633
3853,0.274945501458166
3854,0.219004203718387
3855,0.22110947294313305
3856,0.3923344459285057
3857,0.17928576850846534
3858,0.4251963499926292
3859,0.4017737952882029
3860,0.6145786579290258
3861,0.23327518233171518
3862,0.35139114950286077
3863,0.5847429835089566
3864,0.6256017704068326
3865,0.6485422358529646
3866,0.315723396025975
3867,0.4184949295292212
3868,0.32789115938544455
3869,0.7386122918225654
3870,0.4576121306805191
3871,0.5287417887311857
3872,0.5645032859671002
3873,0.153252882322497
3874,0.23745816367383019
3875,0.14502435967386848
3876,0.5178483267625298
3877,0.29340772961881073
3878,0.6219316668212407
3879,0.5908201356592555
3880,0.338065630045967
3881,0.2530737285595412
3882,0.19873465472749668
3883,0.25393562622747745
3884,0.14370230509818463
3885,0.6759733282444078
3886,0.5034169254720045
3887,0.7030694102879745
3888,0.5202008356546247
3889,0.2574785200799264
3890,0.5787807109374372
3891,0.23159942395495367
3892,0.12504136823030734
3893,0.1667853979992025
3894,0.13690041575707457
3895,0.14373804316495298
3896,0.16343175237202962
3897,0.12603545318098808
3898,0.6000983244166429
3899,0.22799523537133345
3900,0.6092227180850527
3901,0.7666629024972447
3902,0.29743320968633574
3903,0.15494490270470798
3904,0.24598822479454996
3905,0.39658942222079396
3906,0.6050527476439684
3907,0.11456192599782117
3908,0.19330723281040046
3909,0.6233793763285417
3910,0.21961029198143334
3911,0.10289538443966029
3912,0.48523048847195666
3913,0.6682651898255644
3914,0.49522045839897655
3915,0.18966818947210018
3916,0.3836742927266886
3917,0.622863068969358
3918,0.5900073142858961
3919,0.4799089844712629
3920,0.7457469261209
3921,0.26499506573300063
3922,0.22520863828909174
3923,0.610263900662581
3924,0.42022385659324907
3925,0.4775426299231739
3926,0.43886733646414033
3927,0.3052900411841261
3928,0.3430130843103498
3929,0.5924820099637176
3930,0.7277059250208874
3931,0.2419513380654227
3932,0.5526157899095886
3933,0.5197467017154442
3934,0.1660017709678352
3935,0.4527033862193691
3936,0.14465077954556668
3937,0.36320161690417774
3938,0.6126237537934413
3939,0.2448322375744958
3940,0.4706126857237632
3941,0.19264282140422692
3942,0.18217180062188928
3943,0.34260798253785635
3944,0.21444914117395658
3945,0.48955729216234156
3946,0.19257501791320975
3947,0.10730463897002049
3948,0.47563149899603674
3949,0.5717209926638885
3950,0.32827049152916565
3951,0.22065273938478563
3952,0.23517682202079856
3953,0.7644877496094263
3954,0.6355553163657721
3955,0.6997353066521455
3956,0.26308299372878013
3957,0.16388707981472217
3958,0.31839692208256715
3959,0.3096678013397612
3960,0.6715147441084086
3961,0.6916895024822927
3962,0.6458840499705459
3963,0.14042335528272246
3964,0.5077217983983877
3965,0.5396638855303135
3966,0.1446213398809954
3967,0.3160111779542641
3968,0.6337627307513178
3969,0.47020936616572173
3970,0.4989347422577439
3971,0.1085425401884002
3972,0.5094530234345269
3973,0.7352496334018724
3974,0.5725709697348597
3975,0.5931893205755558
3976,0.4096663852333288
3977,0.2854341931846217
3978,0.39412058673994166
3979,0.790253569582174
3980,0.2237217676472926
3981,0.15933325612232646
3982,0.3989081586526829
3983,0.36466440663451016
3984,0.24347972370195223
3985,0.1273104173437241
3986,0.13945081033621368
3987,0.35409849402696647
3988,0.18303499272720647
3989,0.5759236910186719
3990,0.21025177732094827
3991,0.3013142228271789
3992,0.11501243528971786
3993,0.3768389462603028
3994,0.3521285958304161
3995,0.14670480136071604
3996,0.5906368914750749
3997,0.46049818023074923
3998,0.692932690261301
3999,0.743946964068352
4000,0.21206790145159463
4001,0.34142417814390735
4002,0.6853037866694032
4003,0.1354795732202447
4004,0.20252619216589718
4005,0.2500679408127935
4006,0.5602773073176095
4007,0.4567212879871749
4008,0.5240241360686102
4009,0.25643437002602587
4010,0.28699478684229385
4011,0.28945357074893185
4012,0.39053823357925355
4013,0.5419551645194254
4014,0.19293431388315327
4015,0.6332596760192488
4016,0.24678481181442474
4017,0.5928197716898717
4018,0.4474822754357596
4019,0.6113280613647016
4020,0.1601296890780956
4021,0.7813315270189644
4022,0.6626115925118296
4023,0.1819462581355734
4024,0.4623174458540652
4025,0.5932608011193435
4026,0.7541983206097556
4027,0.5717709196283356
4028,0.3773712179303386
4029,0.18560638012056313
4030,0.12449049096935887
4031,0.1538924317913271
4032,0.23249445034734137
4033,0.32441376803856037
4034,0.7257485209431224
4035,0.2902379643679877
4036,0.39119657919440753
4037,0.24736840691036135
4038,0.20697097197462802
4039,0.14452767368487765
4040,0.6876957580857525
4041,0.27405772064592543
4042,0.1690417580911858
4043,0.20853789983620147
4044,0.30819714902480744
4045,0.595644569987577
4046,0.45280159331364106
4047,0.11352122482672852
4048,0.5926359566040982
4049,0.6641171513140182
4050,0.10750793330901304
4051,0.2836959957873847
4052,0.23320843977689804
4053,0.17175545053389865
4054,0.26843728251295107
4055,0.569664648601844
4056,0.5975672924213815
4057,0.22851099258488058
4058,0.44174171773881754
4059,0.7128942336635492
4060,0.24720307971911926
4061,0.6520027636435713
4062,0.3351220121636408
4063,0.18375297573956004
4064,0.4305309430977373
4065,0.7149205983512126
4066,0.455997703999234
4067,0.29372856182844087
4068,0.1324709989218338
4069,0.3464729344477405
4070,0.27320649264255287
4071,0.46357929742077364
4072,0.37468859013585987
4073,0.17956212636978733
4074,0.2757709032820023
4075,0.35384078172187017
4076,0.6239973828597536
4077,0.642095598253993
4078,0.619383514683317
4079,0.48731105218921067
4080,0.537616650536396
4081,0.41316429731516063
4082,0.45029131349822266
4083,0.2514665836487306
4084,0.6110584596520662
4085,0.4288100220824711
4086,0.31519289096600356
4087,0.40806802939117676
4088,0.21090467564691934
4089,0.24189384011202114
4090,0.7740365521590625
4091,0.551007373996042
4092,0.5370339736953998
4093,0.5853780332802138
4094,0.5525120743664774
4095,0.18435218589109886
4096,0.5146720995173092
4097,0.7109899608904793
4098,0.2731895780130567
4099,0.5993585567414388
4100,0.5505408080820551
4101,0.34265659174871066
4102,0.41295389249902387
4103,0.23007071540099144
4104,0.2154181091463127
4105,0.5658201333679632
4106,0.13545764738994293
4107,0.2922688767936758
4108,0.3106121675812713
4109,0.36976924733596667
4110,0.3155776215672873
4111,0.45776370730938815
4112,0.1776834061417918
4113,0.2440639327263464
4114,0.47006098416007785
4115,0.6999812216240274
4116,0.5166329243686456
4117,0.7475038818370541
4118,0.2715123361277868
4119,0.5511945226366883
4120,0.32618190925298063
4121,0.7292661256572369
4122,0.4093614773762281
4123,0.20402827322949696
4124,0.7871141180742721
4125,0.3618893316554159
4126,0.29365520106236576
4127,0.1578012764038925
4128,0.4624323309819665
4129,0.2546706461157505
4130,0.5864101419842096
4131,0.5129865211900783
4132,0.25285371656423816
4133,0.22913416447749044
4134,0.48495892952807906
4135,0.35319610313278205
4136,0.40415902733948683
4137,0.19200704047067926
4138,0.5409226289690157
4139,0.28299413178998273
4140,0.4952811734122629
4141,0.24839816988142802
4142,0.13173760992397965
4143,0.13248424436525597
4144,0.7065084069981057
4145,0.7175794593717878
4146,0.11504342324909134
4147,0.5556483672290082
4148,0.43102036468170957
4149,0.5109435224496065
4150,0.21945929242809617
4151,0.4505331514864443
4152,0.6584816872088243
4153,0.6345868311310066
4154,0.3116798576447513
4155,0.21684424934750493
4156,0.210379662018936
4157,0.21148541130310802
4158,0.3876273017726244
4159,0.2372379422231269
4160,0.3889546590104185
4161,0.488372595115345
4162,0.609839617248166
4163,0.2426740394819579
4164,0.4964915746429732
4165,0.30175526883654125
4166,0.1997824791180944
4167,0.5905385293186303
4168,0.3760035325063909
4169,0.33514213980816093
4170,0.16927891171168966
4171,0.49968875251037714
4172,0.22675197656501894
4173,0.5766718102073232
4174,0.6016311703640297
4175,0.21264030808635864
4176,0.36691079084028494
4177,0.1697936047768629
4178,0.24745331473703458
4179,0.12912705814407474
4180,0.1713605173137746
4181,0.1290969740964913
4182,0.4013814154282608
4183,0.17332081593493723
4184,0.21392557728926168
4185,0.09399701183803516
4186,0.5682139866522147
4187,0.16392858037371405
4188,0.6181623819365563
4189,0.36942234844234023
4190,0.15447481429889157
4191,0.3945487818278992
4192,0.5907095396177082
4193,0.5314635906701428
4194,0.674398179780363
4195,0.591241811640053
4196,0.5012528298691413
4197,0.33322278419826207
4198,0.298891865954672
4199,0.18200751813914515
4200,0.7419023650693434
4201,0.6357978538700721
4202,0.3109566765903028
4203,0.5975207973957436
4204,0.511601272604032
4205,0.15556842580302335
4206,0.7337040881041795
4207,0.48649804278749564
4208,0.1440066797784788
4209,0.30931296911151157
4210,0.2586105382659759
4211,0.566010833346889
4212,0.5970422434558673
4213,0.40616526847819995
4214,0.5275289773048111
4215,0.3190810691159267
4216,0.20078414274222908
4217,0.19960872872504323
4218,0.45887780594727656
4219,0.5710646453045302
4220,0.5523237322901843
4221,0.7205803215548543
4222,0.6993415966489436
4223,0.3455718974695702
4224,0.11072890780979394
4225,0.23294561918561743
4226,0.42714577089937905
4227,0.31952009810022475
4228,0.24072898768336234
4229,0.5524267649650992
4230,0.39012629289023976
4231,0.19731306961316414
4232,0.6119621492549833
4233,0.44566361496536017
4234,0.39010026936661535
4235,0.5115988212259261
4236,0.3015268091991979
4237,0.631811044301633
4238,0.619883099968855
4239,0.2812626736684438
4240,0.15668936491775723
4241,0.24658540171178925
4242,0.45662843082432264
4243,0.17671824236793315
4244,0.20137678541862214
4245,0.45223619826422246
4246,0.6383075455751616
4247,0.6875106387447506
4248,0.17490625893462824
4249,0.5445120886666414
4250,0.14256160942176815
4251,0.3310540267950213
4252,0.1723475685990671
4253,0.25558673854400504
4254,0.21960962015968757
4255,0.4653967859149396
4256,0.13442185269246004
4257,0.41006749726777697
4258,0.5078059187718977
4259,0.7389169729706679
4260,0.2557475973358665
4261,0.40582445724328886
4262,0.17350939000471127
4263,0.6879493339382118
4264,0.2998766760457484
4265,0.1443097407159651
4266,0.8084313427033172
4267,0.4728013835655549
4268,0.15834232376137286
4269,0.399149724274274
4270,0.20543056107583674
4271,0.6053813853456107
4272,0.1404505935337817
4273,0.6200300097032445
4274,0.5501685980328732
4275,0.3021755260373583
4276,0.4655243689032293
4277,0.5202450551792274
4278,0.39122734845480167
4279,0.7118952555705245
4280,0.4579385230355583
4281,0.6801413897198808
4282,0.25699574192451446
4283,0.38120943311131555
4284,0.7188088361478173
4285,0.5578658487132199
4286,0.4061792552639392
4287,0.5459171972640439
4288,0.5046931626608648
4289,0.5411741300890764
4290,0.18912037045474128
4291,0.21972218372634683
4292,0.5520949591037366
4293,0.3756867406279088
4294,0.15396460279611457
4295,0.17190553943375975
4296,0.3982363700258383
4297,0.1739884851786662
4298,0.4014531056926432
4299,0.49395595509789364
4300,0.2584538046324303
4301,0.1920758846060741
4302,0.18739267005911936
4303,0.5246253926354777
4304,0.5813127688816817
4305,0.5616138569708566
4306,0.405732724209244
4307,0.09833832036153065
4308,0.1624203408310964
4309,0.1802980671553526
4310,0.1798054927359159
4311,0.5025306269726084
4312,0.32860889199375487
4313,0.48760010726758857
4314,0.3824813097075059
4315,0.31138772530774167
4316,0.29127835220003884
4317,0.4040902006949007
4318,0.28146030427785057
4319,0.5397667728667698
4320,0.3482701122608782
4321,0.156342491342343
4322,0.20956377278447208
4323,0.2905432103149691
4324,0.41159891105451435
4325,0.5908269867369798
4326,0.41434135812283596
4327,0.6510864404598878
4328,0.2504202672154101
4329,0.15229812061710973
4330,0.6199097438598844
4331,0.22971590229043698
4332,0.6054787414590586
4333,0.4780893867728747
4334,0.219105704258219
4335,0.11242569251958262
4336,0.6138764928837579
4337,0.3070590728347097
4338,0.3265933099042299
4339,0.16779200418042037
4340,0.25869645740090697
4341,0.5777000482014518
4342,0.5929373830046283
4343,0.10026718294274663
4344,0.2691549560406546
4345,0.10088809512680676
4346,0.1474615128118028
4347,0.28104602308714155
4348,0.3840867996721509
4349,0.6177530797233283
4350,0.4862689906934232
4351,0.2033196803855905
4352,0.4100308561207943
4353,0.5471593236787617
4354,0.32004611794125704
4355,0.16470976064779458
4356,0.6164620703811557
4357,0.4830431988844204
4358,0.43106708269335925
4359,0.5262465606971063
4360,0.5426319795470786
4361,0.6122172904371319
4362,0.36750137070509387
4363,0.5955153538806344
4364,0.14182282808906008
4365,0.2900541617064498
4366,0.1633273687042877
4367,0.6138250232642075
4368,0.2122321759961283
4369,0.543834262932772
4370,0.196979047810408
4371,0.6182684346106212
4372,0.6032294574192805
4373,0.544352957244135
4374,0.49829548784225747
4375,0.6470059398863038
4376,0.5103209568826582
4377,0.13354982199481344
4378,0.4052244861181276
4379,0.2789500724973169
4380,0.29505026043250193
4381,0.589612633293385
4382,0.41189375806153555
4383,0.7210381538123832
4384,0.3488834302721276
4385,0.2909068292472075
4386,0.19313129502321646
4387,0.6224357802947929
4388,0.5762578091316387
4389,0.5723191304034952
4390,0.7418842583532279
4391,0.35210147345692977
4392,0.537949833224019
4393,0.1348049499105704
4394,0.5083860608839269
4395,0.6877308666609655
4396,0.41777086514115036
4397,0.17886868468935804
4398,0.6073148122396319
4399,0.09838450744957225
4400,0.43159872917779807
4401,0.26590538850949463
4402,0.2886503669736084
4403,0.17740413024934293
4404,0.2270239571828744
4405,0.6629021827815743
4406,0.32130421407703436
4407,0.664968483357991
4408,0.6596452444918977
4409,0.5785638697138622
4410,0.60743440999591
4411,0.4624851396240636
4412,0.09737555469934844
4413,0.2833157522881544
4414,0.44183630693471604
4415,0.2619644502734184
4416,0.636435851837958
4417,0.2725931671252006
4418,0.3452126154352374
4419,0.2754772784759423
4420,0.6680798438201354
4421,0.639221649923834
4422,0.6100391374327921
4423,0.2928104948528115
4424,0.6480953438648388
4425,0.11357924511466037
4426,0.49344025284599624
4427,0.34994743444056714
4428,0.42177189311733615
4429,0.3766357059496779
4430,0.4521839230472888
4431,0.4562776756425017
4432,0.3397264075845158
4433,0.15538347146066933
4434,0.32818910933593615
4435,0.3168917430314958
4436,0.2296997596767403
4437,0.13893365107491615
4438,0.22660399353080754
4439,0.6128336299848142
4440,0.2787570471433827
4441,0.10627628618998979
4442,0.18092651333391532
4443,0.20076380847821437
4444,0.6864297633669225
4445,0.37250460667752516
4446,0.3022617494271111
4447,0.34627453309055944
4448,0.21459816663612802
4449,0.13485867141894523
4450,0.1341808038562813
4451,0.47475139007646594
4452,0.6561695797372304
4453,0.23007227704324817
4454,0.5877650781633281
4455,0.604139942020144
4456,0.405352727778516
4457,0.14649745933444477
4458,0.14432400084287592
4459,0.18873779432836205
4460,0.3117518725944296
4461,0.3455898144654819
4462,0.5263166654388889
4463,0.4669487547053738
4464,0.2552206312900665
4465,0.5865522765104498
4466,0.401603728796689
4467,0.31782968128398326
4468,0.6754791799613042
4469,0.6261158087824354
4470,0.1479036797067964
4471,0.34327160542090457
4472,0.7016450847830754
4473,0.34037637969915396
4474,0.14537048042875214
4475,0.5456870156467635
4476,0.180696978938784
4477,0.2845250068584407
4478,0.6009652723731386
4479,0.423860169171553
4480,0.37109636416595027
4481,0.16665136327382066
4482,0.34511141726734285
4483,0.1885110977145918
4484,0.5575041022662627
4485,0.19621965222255713
4486,0.41603463472590746
4487,0.4527386043520134
4488,0.2363433051820092
4489,0.21369365375775035
4490,0.23613043569929792
4491,0.22673173000367405
4492,0.5120790030906726
4493,0.6929971018816787
4494,0.1983377284150985
4495,0.6137259966376731
4496,0.22929024044752436
4497,0.7407734436515029
4498,0.5944835398890994
4499,0.6265503069957934
4500,0.5838091974132946
4501,0.15403047529592
4502,0.2466429878243407
4503,0.4550580661589464
4504,0.36708277994771626
4505,0.6794165516201512
4506,0.6401231649553052
4507,0.11423846730600655
4508,0.19884256261111283
4509,0.17480840910463605
4510,0.19224174372872968
4511,0.22952174827159355
4512,0.7191737822330511
4513,0.12284216842435228
4514,0.2605526095488402
4515,0.3525156408535051
4516,0.47091772793683945
4517,0.39948737042801774
4518,0.7737198734149563
4519,0.35355475722058843
4520,0.510361516492948
4521,0.6216082911312698
4522,0.15453562736630502
4523,0.13703610688011167
4524,0.5856961807200289
4525,0.5500381140704661
4526,0.3644195720697111
4527,0.27083869355039536
4528,0.6460841457930478
4529,0.4176701495463501
4530,0.6408473182832259
4531,0.6594861696434092
4532,0.5255118914123397
4533,0.49285412693976416
4534,0.6758446523686452
4535,0.1178168018816018
4536,0.6134150911181832
4537,0.4028345091150301
4538,0.3247647525783378
4539,0.6938361379911323
4540,0.24788854403113675
4541,0.30673090067072123
4542,0.18359259846616796
4543,0.48190965598582447
4544,0.16621339331851628
4545,0.2970055366155982
4546,0.16681038434866838
4547,0.595197998950407
4548,0.26520093173312814
4549,0.5624358149435285
4550,0.27677286826424324
4551,0.662154344142388
4552,0.17794888022132285
4553,0.6992423387845552
4554,0.5269683488315922
4555,0.14846879347290762
4556,0.4561722971526533
4557,0.2803629835521993
4558,0.3401466876011599
4559,0.10172228759217893
4560,0.4996689217887135
4561,0.18829872946696113
4562,0.4750187821713237
4563,0.5609005142089504
4564,0.15421101744468352
4565,0.6548273123014442
4566,0.30184448984993173
4567,0.551571334839531
4568,0.27793374716433455
4569,0.6832028357900718
4570,0.35766331186018085
4571,0.5973893130411566
4572,0.44308650577877096
4573,0.26586987054370426
4574,0.5137794326427647
4575,0.7032425212592404
4576,0.3515314424271665
4577,0.6681303458054145
4578,0.24518937022451145
4579,0.2786721933205444
4580,0.35996887525666493
4581,0.26695287156292136
4582,0.42404868610199886
4583,0.7275981556280385
4584,0.22839559961870382
4585,0.5230789795958297
4586,0.28115488288987295
4587,0.3288037769857727
4588,0.44952844061725455
4589,0.4192377535842553
4590,0.5910308107384024
4591,0.6580140956452692
4592,0.2851807173698571
4593,0.35546951108371566
4594,0.6436253563737823
4595,0.6040579214671034
4596,0.41794068608161533
4597,0.7225124740163111
4598,0.3537066686267588
4599,0.4231527578915388
4600,0.6232372394685497
4601,0.43535004962784235
4602,0.20915225051513273
4603,0.1877745667811891
4604,0.6294784808041358
4605,0.28044521085437213
4606,0.2783823464968439
4607,0.13705218278768067
4608,0.2961403617636856
4609,0.7315555525265147
4610,0.4040123766734416
4611,0.6339559621013564
4612,0.2812286899932801
4613,0.32771871469437114
4614,0.15475561160552243
4615,0.43434319661808696
4616,0.12974110753451135
4617,0.1744792903468946
4618,0.1740274027842075
4619,0.7350043811375792
4620,0.48872529626124117
4621,0.5682265950914442
4622,0.7171636337079574
4623,0.48335479283625454
4624,0.19298670835726378
4625,0.29787011103206995
4626,0.5536221786840652
4627,0.6087114575372274
4628,0.3544865060513926
4629,0.6073068086909919
4630,0.17457646074996863
4631,0.2744625273597823
4632,0.1728484091608302
4633,0.1846213821670272
4634,0.13498023513182894
4635,0.27120495962861524
4636,0.5876540903097711
4637,0.7702871078651591
4638,0.18761898559602314
4639,0.282821450509025
4640,0.16699425191926964
4641,0.34893359264633195
4642,0.1842259939113043
4643,0.18266308906175796
4644,0.5012513802218498
4645,0.5968381609536797
4646,0.3108681690816182
4647,0.5949547617224757
4648,0.5634622007982864
4649,0.48169940231446173
4650,0.19461903060334132
4651,0.2003522624744526
4652,0.2967313698612977
4653,0.2385744399283005
4654,0.6797118346228425
4655,0.5984135553718513
4656,0.2490004345120844
4657,0.19825330678340608
4658,0.5717432158727644
4659,0.5245800880252216
4660,0.36038935188211596
4661,0.6616836016804715
4662,0.28549850482488714
4663,0.3357157329350736
4664,0.1313183244124287
4665,0.6369495922987164
4666,0.11729935164370164
4667,0.1950372828080268
4668,0.31459042711737367
4669,0.43278331703647
4670,0.2036599923874341
4671,0.6292777266918843
4672,0.14758221609878727
4673,0.5319393714682588
4674,0.3540792217744928
4675,0.351105738801945
4676,0.2539016547097541
4677,0.5884365045621878
4678,0.1896715253711851
4679,0.3505135034920688
4680,0.3393275996762469
4681,0.29170076744372897
4682,0.17623076967704204
4683,0.21270739186264556
4684,0.6729494274913799
4685,0.20766813973999906
4686,0.5462466111348738
4687,0.38090425253696986
4688,0.3608058927192426
4689,0.1074611913553653
4690,0.10593375186558088
4691,0.3943033941545349
4692,0.4955985242617581
4693,0.10708194670092956
4694,0.22820955286969552
4695,0.4472852185160557
4696,0.5676267344108028
4697,0.6219394465434479
4698,0.47015204068064337
4699,0.4939079647041716
4700,0.3717831733351314
4701,0.351957814970871
4702,0.1191390913687846
4703,0.39003154945409513
4704,0.6233497283209317
4705,0.5702989676417178
4706,0.49325549166409777
4707,0.5705235592181143
4708,0.15566944198498445
4709,0.545251517196722
4710,0.6132587128296143
4711,0.5402053092879725
4712,0.6748069394328302
4713,0.34652572895666
4714,0.7267238246526773
4715,0.450017959216095
4716,0.1824131809336998
4717,0.25153743463727896
4718,0.33020664322619875
4719,0.5844198435995034
4720,0.36217461105306875
4721,0.38163590697712857
4722,0.4869050137784907
4723,0.1817189061604248
4724,0.3084755661102139
4725,0.27709198748317637
4726,0.38492605087114695
4727,0.1518791940517438
4728,0.20260186828869897
4729,0.6705742685404247
4730,0.39850146890933946
4731,0.5747091550766028
4732,0.6595048853203384
4733,0.15935952719766242
4734,0.43883977717226214
4735,0.5789978164647445
4736,0.22596688902510398
4737,0.4500988530420476
4738,0.5778464021735714
4739,0.32374316384982854
4740,0.4672637101337692
4741,0.20267913345792826
4742,0.36858534751431776
4743,0.722906728661022
4744,0.19076106258930678
4745,0.5274434792174268
4746,0.4314298105341981
4747,0.16261855163169214
4748,0.72265705205251
4749,0.11988498086543417
4750,0.6498480268645891
4751,0.1249670529882589
4752,0.6791956931449087
4753,0.5409400322845818
4754,0.38426869105073946
4755,0.680092828960744
4756,0.2808838535407739
4757,0.17413595418870906
4758,0.7250993935338367
4759,0.43686484790495467
4760,0.41931492477309307
4761,0.554975413368788
4762,0.6084190548910227
4763,0.1773014015967157
4764,0.5755473217959981
4765,0.17174102949856043
4766,0.6365774319310588
4767,0.5956051005001658
4768,0.37562986622206335
4769,0.28018999359558144
4770,0.2041191913908664
4771,0.6563462003923728
4772,0.26366331774347473
4773,0.25803206630096265
4774,0.3122286655725298
4775,0.4180430428929596
4776,0.14617028679526523
4777,0.6566273211077197
4778,0.3624336422395052
4779,0.2002104178137321
4780,0.5624694764694403
4781,0.48686120447004033
4782,0.25460427291902593
4783,0.5321084017302595
4784,0.1392295927459235
4785,0.23817110479962295
4786,0.34266324058645925
4787,0.46201974899475484
4788,0.4276477627241323
4789,0.6094476302039437
4790,0.5150244242671261
4791,0.5975008772418446
4792,0.5288683346042131
4793,0.3549568641176387
4794,0.3497295196234064
4795,0.15010602822166783
4796,0.1831728028966247
4797,0.5532516541319776
4798,0.2751694431688309
4799,0.22984584778236028
4800,0.5579784231222084
4801,0.36809817018164626
4802,0.2459164869844763
4803,0.15600984005403726
4804,0.27768694024881946
4805,0.5230672867259126
4806,0.16218427363209637
4807,0.7115184433129123
4808,0.44750236980538066
4809,0.45015771061990173
4810,0.6564314393343312
4811,0.16220804048261614
4812,0.17328979147977933
4813,0.27391957903428665
4814,0.3917710609308665
4815,0.5369367784240412
4816,0.15465580134796938
4817,0.5645693335493517
4818,0.32672411472488777
4819,0.329305950452195
4820,0.5582895546675546
4821,0.33061589446877526
4822,0.12730694629062628
4823,0.2783066749023305
4824,0.4253939282662952
4825,0.13252760707994274
4826,0.22399709225541345
4827,0.17668962502726768
4828,0.17814755780640767
4829,0.6499099203481591
4830,0.3125802284895298
4831,0.15413217857509737
4832,0.1901685798210262
4833,0.3432162327986312
4834,0.3524781674159947
4835,0.36584032906112873
4836,0.7025688372100636
4837,0.29117669110055117
4838,0.7244892020937066
4839,0.3259993128348584
4840,0.2929247956513884
4841,0.6313441169427627
4842,0.6636056017699358
4843,0.6629091861701284
4844,0.6352248100292792
4845,0.5109595946250453
4846,0.2807203283433562
4847,0.59179164186194
4848,0.5833015284389622
4849,0.6458430623694884
4850,0.5466800099465219
4851,0.20257442375762016
4852,0.4878963132474242
4853,0.5210230431988131
4854,0.6225790979814296
4855,0.3329005592296539
4856,0.3248103532404756
4857,0.3995415116041673
4858,0.662591959595188
4859,0.5381259241449967
4860,0.6036077913390279
4861,0.6210047422566629
4862,0.5500129682865041
4863,0.21068032277918755
4864,0.5757530143110399
4865,0.25749657647099555
4866,0.24588963299136743
4867,0.30764481213672795
4868,0.39496996027530795
4869,0.2184246105582493
4870,0.1673076514122357
4871,0.34391725742879176
4872,0.20281125384924384
4873,0.13747236073005523
4874,0.788885223823338
4875,0.2996778643270023
4876,0.7208292680291101
4877,0.7288127654362953
4878,0.5228929287900574
4879,0.7185823987140831
4880,0.1984581003949028
4881,0.6702188468003728
4882,0.6269571844945969
4883,0.5671142379102649
4884,0.4744183249450924
4885,0.32531602209579896
4886,0.5663792809618655
4887,0.1905701106085747
4888,0.3355922161120428
4889,0.3037937685694892
4890,0.2820609499463215
4891,0.4709243656737517
4892,0.5816417913380446
4893,0.7009792886677833
4894,0.4019005185423066
4895,0.21900940956480963
4896,0.38433252356870246
4897,0.7289693626793121
4898,0.19456984725681195
4899,0.21512616955065172
4900,0.7794361004733666
4901,0.39799183978728
4902,0.5886570544778289
4903,0.24781951734304086
4904,0.5117298239758259
4905,0.7935194253581885
4906,0.7163877920528948
4907,0.522350856315084
4908,0.5478582041245371
4909,0.4752992131363985
4910,0.17842342088187155
4911,0.6182548889152832
4912,0.5940144213560822
4913,0.5322124948577406
4914,0.41830984123129644
4915,0.23198419061926773
4916,0.3360501395827631
4917,0.14059032755552714
4918,0.5330465518666544
4919,0.5831556799698071
4920,0.5693158961375228
4921,0.7394144583053026
4922,0.3866589096887682
4923,0.34524610330303507
4924,0.15168618079794546
4925,0.5566640141823264
4926,0.22747597910447
4927,0.3401547123393835
4928,0.21466356927274227
4929,0.2332566258006435
4930,0.45003655325023667
4931,0.660273378023136
4932,0.17673533868167995
4933,0.20087959960297735
4934,0.32660006534585884
4935,0.21176285208978463
4936,0.15957490042443528
4937,0.17770535971565168
4938,0.18265957635861585
4939,0.15941696482179413
4940,0.3670697280149863
4941,0.3347212786301712
4942,0.21831658477033444
4943,0.3012743942161141
4944,0.3645654241029793
4945,0.488260553626377
4946,0.3452727853438666
4947,0.11363402188106775
4948,0.466755683306855
4949,0.324307238003043
4950,0.6368298922321739
4951,0.5953500825698063
4952,0.19568192646240884
4953,0.11783042111679616
4954,0.3110594928910388
4955,0.43097582994505285
4956,0.6660571529932391
4957,0.19131964757604675
4958,0.2751859216338377
4959,0.5779881973352601
4960,0.09365329798237793
4961,0.18790219102751404
4962,0.5806868097171102
4963,0.48538826437969435
4964,0.77276474723593
4965,0.535488430135845
4966,0.5572332225338086
4967,0.546456547581643
4968,0.18752217737026328
4969,0.5366256838734462
4970,0.12090354191948634
4971,0.30175802637989835
4972,0.304877802693587
4973,0.34885789838017994
4974,0.591390729583036
4975,0.3186562595246062
4976,0.4642057818956492
4977,0.08743410909185023
4978,0.18923047637273438
4979,0.322553535790778
4980,0.1675479003709823
4981,0.32258120075779756
4982,0.2019630278048338
4983,0.7126551584592974
4984,0.5416383111027334
4985,0.26258786361869874
4986,0.44879390387643125
4987,0.6462834608797685
4988,0.5496622884750282
4989,0.32316572444106695
4990,0.244629172475559
4991,0.2940726325749856
4992,0.31051174500747397
4993,0.10911789147993295
4994,0.46823442660814996
4995,0.5832617716104251
4996,0.497995537112214
4997,0.57168521437761
4998,0.1496547088971058
4999,0.30902284906239985
5000,0.5222883981367502
5001,0.5085287487546936
5002,0.5235853636325989
5003,0.2688198645332257
5004,0.5094400186669821
5005,0.1375062605845353
5006,0.49398735107075387
5007,0.5286539636269413
5008,0.2863054745469059
5009,0.7941008307137557
5010,0.43591216258330423
5011,0.7105544428476515
5012,0.26868584330326994
5013,0.5741554855426907
5014,0.36541649586813035
5015,0.21032960243410967
5016,0.5810638815030675
5017,0.25080949982785283
5018,0.23152707720950097
5019,0.1675514785043528
5020,0.30803870978768627
5021,0.3012530604119213
5022,0.5553915082239981
5023,0.4686961049904093
5024,0.25715226807323627
5025,0.4522498149746259
5026,0.6300605439908045
5027,0.39447226400315866
5028,0.2719042083522614
5029,0.36984795357500044
5030,0.28907206218563664
5031,0.40919745313904804
5032,0.627878825237896
5033,0.24855533377949185
5034,0.4633061054990174
5035,0.1651867803111024
5036,0.3250233269442575
5037,0.45714144104449783
5038,0.2075195819238362
5039,0.24832218987447152
5040,0.2436491479844018
5041,0.5419983252023519
5042,0.10775006080733068
5043,0.29024856615018435
5044,0.5051208085847253
5045,0.7219852894359327
5046,0.10709040788838886
5047,0.30981472869873994
5048,0.3959186523341453
5049,0.5697227664573613
5050,0.2757751001522436
5051,0.3345635581050262
5052,0.7174589630140884
5053,0.6627150060386618
5054,0.4935101993916266
5055,0.5729111101195058
5056,0.4658796742875504
5057,0.5537791059677166
5058,0.29756085364004514
5059,0.43887245247703405
5060,0.3036010113427247
5061,0.14136135214642723
5062,0.2793381604301403
5063,0.6055206716369054
5064,0.22473924953036606
5065,0.5255879091248177
5066,0.13994678373856617
5067,0.12916734584458192
5068,0.17281487822795463
5069,0.3989945214591657
5070,0.5356143911182519
5071,0.5290552020421508
5072,0.5686235555663725
5073,0.4684250076549538
5074,0.13495016744535288
5075,0.444632044467547
5076,0.6232130764628746
5077,0.2854084546337297
5078,0.26970100260940255
5079,0.5296360510933087
5080,0.1143201172732064
5081,0.5091503080947534
5082,0.3611931400400084
5083,0.1534778507877752
5084,0.24215769290981093
5085,0.25167503617890247
5086,0.1510220180577108
5087,0.140211371593742
5088,0.27186041253857296
5089,0.46043811828025605
5090,0.3123360716368092
5091,0.513563271713843
5092,0.2588781840107006
5093,0.36383523371963655
5094,0.5263924420406517
5095,0.7861912251664137
5096,0.5050010075137257
5097,0.38889906437048666
5098,0.5381044415551512
5099,0.1367462392112298
5100,0.509194412122076
5101,0.2420899791739282
5102,0.14775577683033192
5103,0.11894723079104438
5104,0.2836060697803117
5105,0.36012029245506927
5106,0.5987282287923326
5107,0.5675363776606058
5108,0.6357243854378295
5109,0.5872300479759395
5110,0.5038064417989601
5111,0.5118398234851379
5112,0.28606214511976974
5113,0.5795417954966773
5114,0.20658295521044248
5115,0.7204234354691069
5116,0.13965178707757053
5117,0.2726637589681358
5118,0.23643094700494877
5119,0.2833984796538283
5120,0.45693802308489173
5121,0.7140095054411562
5122,0.4152983475460902
5123,0.5204771300057939
5124,0.6000193940323806
5125,0.23636521563649346
5126,0.22380327936605146
5127,0.31892088789205525
5128,0.5725173867340908
5129,0.10636500674910793
5130,0.23684574631791108
5131,0.1778059190286232
5132,0.143545124064874
5133,0.5729453874893167
5134,0.41354254021992076
5135,0.43280055715904503
5136,0.42417724266654244
5137,0.6019326120767281
5138,0.2235060837832987
5139,0.2590893989124818
5140,0.30720462066332593
5141,0.45697490376426
5142,0.555138028098691
5143,0.17961889817806592
5144,0.32552248125284633
5145,0.10922682278094968
5146,0.27348152724369906
5147,0.6830145204944157
5148,0.6569540474433777
5149,0.6748373089159005
5150,0.42804234722488194
5151,0.5938317233034397
5152,0.3754951767932298
5153,0.14931415361664604
5154,0.5974186813321749
5155,0.3562166872213789
5156,0.18629777060267896
5157,0.5743797037763022
5158,0.22877013417612727
5159,0.3847207472150198
5160,0.3102093525093014
5161,0.1580398375033036
5162,0.31165895297835716
5163,0.4218018079373636
5164,0.16791900425336004
5165,0.2747944951512401
5166,0.46363452033043906
5167,0.3452071538271564
5168,0.16308287588582174
5169,0.610656715465506
5170,0.28355885440029766
5171,0.3253147490840589
5172,0.14310680145414664
5173,0.3906277185509822
5174,0.3163370838817463
5175,0.6773878335371364
5176,0.6643654516123148
5177,0.296086726869451
5178,0.40277231647673695
5179,0.6142441391691876
5180,0.12154668978081391
5181,0.5967061721463872
5182,0.5018528994928363
5183,0.15954163330984206
5184,0.48020638567930873
5185,0.10881369759326771
5186,0.4348279293647163
5187,0.32055569978391046
5188,0.3408393351650446
5189,0.3106541876712152
5190,0.277634784971497
5191,0.3628025897244264
5192,0.617284225810824
5193,0.46221301723911756
5194,0.47219964430387107
5195,0.28774740717783076
5196,0.169061229423575
5197,0.23689343472009392
5198,0.39851431986309305
5199,0.37278259699439487
5200,0.7175854138348915
5201,0.26054494542489504
5202,0.10841656878071207
5203,0.27677025986598863
5204,0.4956121449069682
5205,0.18521543964951506
5206,0.2885989870501416
5207,0.1644672420687906
5208,0.5129307778937032
5209,0.5456966776772864
5210,0.1389755950110576
5211,0.5339392759820711
5212,0.36390467417636096
5213,0.23400735653469673
5214,0.41533886288418154
5215,0.6835620337981629
5216,0.6189991362061175
5217,0.29307132392380547
5218,0.23250374722574935
5219,0.31426452884710365
5220,0.6662065244237706
5221,0.5800090964795585
5222,0.5914757478453478
5223,0.541359062036304
5224,0.1989743738484746
5225,0.43628383603088733
5226,0.584612997068971
5227,0.12145517334646383
5228,0.3568818049932147
5229,0.5894730844158247
5230,0.28126656048728904
5231,0.2564603963209871
5232,0.2885840937369043
5233,0.32517895309875505
5234,0.24576334874916023
5235,0.4909257456863709
5236,0.2437819140035599
5237,0.4517083458585473
5238,0.5497849231712267
5239,0.09328289294798676
5240,0.10663575543442869
5241,0.5324696626550515
5242,0.42154057200275546
5243,0.319958854204428
5244,0.15486322011000553
5245,0.13042381681519716
5246,0.4825582224970825
5247,0.55648403571234
5248,0.7329264492817344
5249,0.22997186489216334
5250,0.4345642066748712
5251,0.5114410324857707
5252,0.22399769233062217
5253,0.25717226622383826
5254,0.3521622768683834
5255,0.2261599844538796
5256,0.18954534844237958
5257,0.5804891738948078
5258,0.5875041441428264
5259,0.1289667683022671
5260,0.21824949481163886
5261,0.6095037004781875
5262,0.12887868966801622
5263,0.1785806748726685
5264,0.7091300494039492
5265,0.7143960872761033
5266,0.23188096922257267
5267,0.291176680833939
5268,0.5128924679482366
5269,0.12599816657466842
5270,0.3177162449313614
5271,0.45649881818233706
5272,0.6143821028102296
5273,0.27515930347750134
5274,0.13937098974072332
5275,0.7209351648469561
5276,0.14626091099796462
5277,0.37452696471738656
5278,0.47443802092311627
5279,0.49143023072378744
5280,0.2854674031679964
5281,0.2741636090019354
5282,0.17241609269902874
5283,0.20550089343813344
5284,0.2912898955639916
5285,0.42417489675731523
5286,0.5146016042038313
5287,0.6607164742742567
5288,0.29730216190039016
5289,0.5574671240422981
5290,0.2259213701933208
5291,0.35741013309629593
5292,0.11982951075869594
5293,0.6895354577154498
5294,0.7160785529195077
5295,0.36334336923432187
5296,0.4247195444911399
5297,0.6454502243731535
5298,0.4354926773817848
5299,0.40229116771961315
5300,0.16532937156054114
5301,0.38349026111329637
5302,0.29820116414813247
5303,0.5899219310181826
5304,0.324258321694411
5305,0.15886153999387048
5306,0.40761819207389016
5307,0.293448483471303
5308,0.5467773546865361
5309,0.1959492359018869
5310,0.1464368458558296
5311,0.6002358419129087
5312,0.1665451516287904
5313,0.18668143132033221
5314,0.6107723844026609
5315,0.49859235255008827
5316,0.26290938685580795
5317,0.23161640779108872
5318,0.5747713704687096
5319,0.3284794497490846
5320,0.17703461961331673
5321,0.4037395153678679
5322,0.27707608021884866
5323,0.5716023560273906
5324,0.22477679669925393
5325,0.37439132738904396
5326,0.672948096484143
5327,0.5550586632058757
5328,0.2502959802949099
5329,0.7022672477566383
5330,0.18947315858572372
5331,0.10333281420862223
5332,0.3356308191854142
5333,0.371886741929742
5334,0.5969677490764025
5335,0.2783432586468496
5336,0.5604437394328429
5337,0.5454617378513903
5338,0.184323022599502
5339,0.20923421382742713
5340,0.1204542181306794
5341,0.10835009973564085
5342,0.5836938457852804
5343,0.3200698618274621
5344,0.654543954122007
5345,0.45202643377300683
5346,0.3167903554323216
5347,0.46785637041924505
5348,0.1723851428816181
5349,0.37612647500307334
5350,0.19912335564293698
5351,0.3375539957096335
5352,0.48030788510365174
5353,0.42805460545275587
5354,0.5993011366496146
5355,0.7069499387996663
5356,0.6142055417411695
5357,0.6151637808235053
5358,0.1804937474979625
5359,0.2947270064062814
5360,0.6367928163072749
5361,0.4966805528054229
5362,0.2955562279543518
5363,0.48013836644010216
5364,0.41759265367907106
5365,0.5080497994871744
5366,0.6806999704150327
5367,0.7054515936169485
5368,0.48155628350858887
5369,0.1485523070504044
5370,0.278442691289594
5371,0.19823699248594384
5372,0.32097685245157237
5373,0.2642767785652945
5374,0.2523053274171906
5375,0.3656921922422829
5376,0.750304199775986
5377,0.5523977836091782
5378,0.17362980726747423
5379,0.15137469997904435
5380,0.6756383225768994
5381,0.4824194460676513
5382,0.24120934050883336
5383,0.30302889020826695
5384,0.6872797125543929
5385,0.09846558526873894
5386,0.17507876741381628
5387,0.7597453975512026
5388,0.15152951887068247
5389,0.5893300625773109
5390,0.7605529242485687
5391,0.23616191629528807
5392,0.33594577025978906
5393,0.1383400809089073
5394,0.2984343769548612
5395,0.2084236801931003
5396,0.3807855829132869
5397,0.14778327050428305
5398,0.16155585297307853
5399,0.09991507878901346
5400,0.24450252155274674
5401,0.5469313972249561
5402,0.261695180398956
5403,0.1740256905377468
5404,0.43431440938046534
5405,0.11039152420109496
5406,0.1845482361632138
5407,0.46912279872632956
5408,0.1302446168111547
5409,0.59090981266827
5410,0.5536408206923041
5411,0.25320692869639133
5412,0.423540638234566
5413,0.13071027658806675
5414,0.1474905051122849
5415,0.3719321601446426
5416,0.49887333179571247
5417,0.29599751771592536
5418,0.24606382875926408
5419,0.20573116119227516
5420,0.7313115439817182
5421,0.149823021177528
5422,0.3194783418993316
5423,0.183578618086653
5424,0.7076779836831175
5425,0.15418128013517488
5426,0.42872440557098224
5427,0.39537957289882486
5428,0.1522467383179299
5429,0.6593909793749
5430,0.2056844547409083
5431,0.6232757902654674
5432,0.11594681347377918
5433,0.5633093215541441
5434,0.2096456097192077
5435,0.09799985416504674
5436,0.19744362448296537
5437,0.7467592775218376
5438,0.5147004383340892
5439,0.5658242694239813
5440,0.6662513738640687
5441,0.14701114824157896
5442,0.5714582599855907
5443,0.44466448463124225
5444,0.380885957625247
5445,0.1550480937979766
5446,0.152428265223717
5447,0.5250930107292606
5448,0.6424528789492332
5449,0.567371173088264
5450,0.6051151503533494
5451,0.41135728399194943
5452,0.1718588646659561
5453,0.3136672728164318
5454,0.6249972717755173
5455,0.17720572618422137
5456,0.5020335481887868
5457,0.17337130552874266
5458,0.3049531002667233
5459,0.6181219157334124
5460,0.5780798727475701
5461,0.424229632433695
5462,0.7505898037369709
5463,0.6301764720621829
5464,0.11906950249736678
5465,0.1308000699672794
5466,0.605978328966928
5467,0.14623648626347882
5468,0.6433109137643994
5469,0.38973590166199923
5470,0.2557379826057234
5471,0.6663615035679029
5472,0.37422430566207027
5473,0.35404430671609427
5474,0.152150739381827
5475,0.11656609899290096
5476,0.5340547241161252
5477,0.2082355214860939
5478,0.6546239015533777
5479,0.09951983865771431
5480,0.23293432636882164
5481,0.2848064209966738
5482,0.4885573119829241
5483,0.19456513829352587
5484,0.21032009390622025
5485,0.30878331424842614
5486,0.11019399193811541
5487,0.24800063809243142
5488,0.7120329136473649
5489,0.31055060176591753
5490,0.25941163889997293
5491,0.5099811267907022
5492,0.19812207196987616
5493,0.14396830205302585
5494,0.32359714866580935
5495,0.6328031315310128
5496,0.5884396257278575
5497,0.4717257468215784
5498,0.36797196436318047
5499,0.276283488381184
5500,0.190288505272241
5501,0.47002478035760253
5502,0.5125494669218023
5503,0.12479510302457619
5504,0.3057856772567903
5505,0.5675996191938834
5506,0.26547815358898535
5507,0.4850384002385613
5508,0.48126771577830113
5509,0.2746416505076188
5510,0.40951294735036786
5511,0.6147374125070626
5512,0.3516510155412346
5513,0.5452586025731645
5514,0.28288217573626667
5515,0.5612395126266125
5516,0.21065621893243552
5517,0.5326147817621236
5518,0.68213661388275
5519,0.3364047311346028
5520,0.6617610093464827
5521,0.18501463686842398
5522,0.32524263464872494
5523,0.6062100446838253
5524,0.12999139437897397
5525,0.5754148468921687
5526,0.6695453637770036
5527,0.1446308825464076
5528,0.47933689886140773
5529,0.4411166679118599
5530,0.23487852491888841
5531,0.27161372621645663
5532,0.4752222780253382
5533,0.3922661131343039
5534,0.1318747718725791
5535,0.08639640178459916
5536,0.6898553238353795
5537,0.26764308146594973
5538,0.4450531547951634
5539,0.4494252938403146
5540,0.5278225023661821
5541,0.4419020786303066
5542,0.7421303583190815
5543,0.16691626830203335
5544,0.3602857808334087
5545,0.28480542408853887
5546,0.1883316099108462
5547,0.21721464764740664
5548,0.1700157873338585
5549,0.2006582346804763
5550,0.11383329851787218
5551,0.32284202301542564
5552,0.5153661702321023
5553,0.49155004160375815
5554,0.5464062958924071
5555,0.2692895511863938
5556,0.19158065579475897
5557,0.6073405731791246
5558,0.3551981130110765
5559,0.5433833019798997
5560,0.23926839147056952
5561,0.7353249286314105
5562,0.47725955183800844
5563,0.23868684782803218
5564,0.5480407975184246
5565,0.31743812857421244
5566,0.4073904349608466
5567,0.42551752280251676
5568,0.25109469221624103
5569,0.48212555289775083
5570,0.7019703801309486
5571,0.6121980407027874
5572,0.23261635890439217
5573,0.6090659533413978
5574,0.2779401464190672
5575,0.4381200676417963
5576,0.2028210672975592
5577,0.705533155598379
5578,0.3345536673144741
5579,0.6757344134274528
5580,0.5238653931603001
5581,0.14175950751152613
5582,0.6369278140758374
5583,0.2549002897250258
5584,0.415213125036032
5585,0.70060321988804
5586,0.18441472832338104
5587,0.5708384636632586
5588,0.3689477487830435
5589,0.5952583245152512
5590,0.3716179603293454
5591,0.5390667950206777
5592,0.5481916857956363
5593,0.3345675254262156
5594,0.16175749822308555
5595,0.7148203796889301
5596,0.2759097694950507
5597,0.5033775085992565
5598,0.33233024288676255
5599,0.3710714643645343
5600,0.2728654927111662
5601,0.5663595944318426
5602,0.25220513491404656
5603,0.6493686942604001
5604,0.6457362347962958
5605,0.573007474690083
5606,0.715208120686022
5607,0.18843816653077827
5608,0.3865129017832133
5609,0.6133889466004459
5610,0.5529200966892522
5611,0.15683481262981158
5612,0.23995963643897303
5613,0.1392350485399308
5614,0.5761310167101801
5615,0.17115798883807584
5616,0.671606361676006
5617,0.20479692350880382
5618,0.27544012201711027
5619,0.4777268359183066
5620,0.2944324333763339
5621,0.44837041409387624
5622,0.3008922576622586
5623,0.2956805198679704
5624,0.16640836263775047
5625,0.5397858731021403
5626,0.3370991473869953
5627,0.2659445270574024
5628,0.3410180810315198
5629,0.19915097273188168
5630,0.261141447560645
5631,0.3807460364073631
5632,0.3265731405309281
5633,0.142879841538804
5634,0.3497381947697575
5635,0.1730421764245415
5636,0.5338258759843134
5637,0.18547629958782447
5638,0.7055033978996141
5639,0.16680303805781113
5640,0.285898111247207
5641,0.37895244050398574
5642,0.25061317805678535
5643,0.1626363715960117
5644,0.6931514264042832
5645,0.1953466742715002
5646,0.2960929005766699
5647,0.528062697168759
5648,0.2693496119422188
5649,0.383100324709564
5650,0.18507821337814218
5651,0.2546853746936727
5652,0.34320345051140855
5653,0.34524449209263625
5654,0.5078331723104665
5655,0.6679275502711015
5656,0.2836454121126571
5657,0.2240329934282975
5658,0.14354419798538398
5659,0.6516942101250934
5660,0.11844341297872961
5661,0.1527937865233305
5662,0.5606077177119445
5663,0.547993479830961
5664,0.4915320410758477
5665,0.2187717316114183
5666,0.525388951852211
5667,0.748902253423271
5668,0.5233510405293821
5669,0.14838021053611372
5670,0.14609298137311486
5671,0.3122825081952418
5672,0.3048948853907054
5673,0.16192599053594486
5674,0.2532329111358084
5675,0.23142812839661459
5676,0.2524161508243026
5677,0.34326795917149666
5678,0.5942753852070735
5679,0.608266405937921
5680,0.35960615344854074
5681,0.12307760537241651
5682,0.1533235401394462
5683,0.31732669055297
5684,0.567631515932512
5685,0.3890479115204424
5686,0.4334406181033483
5687,0.6309875346516708
5688,0.41474044370778007
5689,0.5919228818999926
5690,0.4766379166540562
5691,0.2979713966904772
5692,0.6035527844991321
5693,0.6346573990276609
5694,0.1647934785469005
5695,0.762711054246541
5696,0.5175712680880569
5697,0.5300714589084703
5698,0.4817288550033607
5699,0.19341983710618937
5700,0.5367999938011788
5701,0.2145279328205439
5702,0.5434116600156044
5703,0.7257256992938323
5704,0.11386381020487327
5705,0.35123053071892635
5706,0.43465626801655616
5707,0.2228385212307984
5708,0.509838910643388
5709,0.7694118751468917
5710,0.45115299670475983
5711,0.3046733196193859
5712,0.24734855367839842
5713,0.28580723213498793
5714,0.2563267918271785
5715,0.593463955857163
5716,0.3189448402563765
5717,0.18672643638137518
5718,0.14417396306748184
5719,0.5464995994067733
5720,0.13078124349242062
5721,0.4005830396057645
5722,0.18033614583226443
5723,0.2067720660221822
5724,0.16971810419578834
5725,0.18526299199589083
5726,0.1009369337889432
5727,0.13364431452159828
5728,0.21857174162518883
5729,0.16931986967374008
5730,0.1484070683052505
5731,0.2655807938300894
5732,0.6230449921426434
5733,0.6767752224104266
5734,0.6140485078474011
5735,0.2352901591767777
5736,0.5974140313818859
5737,0.612476470257169
5738,0.16909877881026714
5739,0.36551343165888817
5740,0.40479936995625526
5741,0.38477143326972685
5742,0.31764829468087574
5743,0.36864599030129386
5744,0.1624985540292097
5745,0.3375107181106554
5746,0.14331978614695934
5747,0.1991657862409714
5748,0.2406738965001971
5749,0.20184149913256394
5750,0.15583990940393339
5751,0.4203300861271373
5752,0.24503301928120289
5753,0.5841388943835543
5754,0.6871837515628832
5755,0.266461860978355
5756,0.22681531053306317
5757,0.5884441727861123
5758,0.5147984536616119
5759,0.5861063156068606
5760,0.22404663902616867
5761,0.4656035758732223
5762,0.6569138900207193
5763,0.17471681657288213
5764,0.15977724883579103
5765,0.24700139125909412
5766,0.2234821999377571
5767,0.17051431633010153
5768,0.25701216496505
5769,0.4915964650613936
5770,0.6352911512083079
5771,0.5200032552765848
5772,0.3339401200208703
5773,0.27346440642075803
5774,0.31286846009301816
5775,0.6827186534676
5776,0.5081443176343471
5777,0.6259743371085469
5778,0.4427906800907888
5779,0.5810430794964776
5780,0.5381375396204939
5781,0.41526837239776726
5782,0.5675335189150706
5783,0.6536658492179384
5784,0.11559277080248158
5785,0.3148370849118841
5786,0.30572384764243044
5787,0.3649803282578793
5788,0.3811487792889879
5789,0.1412992557083227
5790,0.19036793750676195
5791,0.15551798231031405
5792,0.18152566935140146
5793,0.43877182498805695
5794,0.6206756464031292
5795,0.47284174424552294
5796,0.45887487617770945
5797,0.4119908050347118
5798,0.274549255861182
5799,0.6168057272848507
5800,0.16136846802071175
5801,0.1372713827562895
5802,0.3089236068094253
5803,0.2238240464569008
5804,0.4306474256312905
5805,0.5943228054476282
5806,0.186281954737936
5807,0.66212621086619
5808,0.5648390500781418
5809,0.3997166288557362
5810,0.18819349439895244
5811,0.20223709108312204
5812,0.7323093588100953
5813,0.30363551818299395
5814,0.42327144681752255
5815,0.3559409071472819
5816,0.2593111208543522
5817,0.32960088151547484
5818,0.5234178315906565
5819,0.4361442422814131
5820,0.5916394966526541
5821,0.33094029488475174
5822,0.611518192483319
5823,0.10823800650682343
5824,0.17693463783402813
5825,0.20326909675198868
5826,0.48265714931725273
5827,0.583318628591383
5828,0.23222208897522922
5829,0.14047357352242776
5830,0.6572164754822263
5831,0.777939905356119
5832,0.2311449283386037
5833,0.4792513497458762
5834,0.6184134860361297
5835,0.38972651654787893
5836,0.7329326423523492
5837,0.20970603375708727
5838,0.7015959811538552
5839,0.4275816229640913
5840,0.564690254206401
5841,0.7272593079376988
5842,0.4018355016669245
5843,0.2960931397233106
5844,0.18988568626976068
5845,0.4053557951032292
5846,0.3781424109232319
5847,0.1943005356356398
5848,0.36866991644312497
5849,0.23238802989218046
5850,0.46731680544639376
5851,0.35078998146403473
5852,0.3247729131877936
5853,0.35510397916457964
5854,0.38735364822470647
5855,0.49297194203453115
5856,0.19426947209008283
5857,0.2159323218790583
5858,0.14552468672378532
5859,0.5634635829368864
5860,0.4171365926272066
5861,0.3849203520239807
5862,0.16589392049392732
5863,0.25422106652184817
5864,0.5973536903575629
5865,0.15750759123369168
5866,0.7946057112372373
5867,0.15995078954071484
5868,0.36643965694029695
5869,0.6091662974834178
5870,0.336797850369744
5871,0.6457777266268615
5872,0.39227261199398406
5873,0.230381457637499
5874,0.29323225789693175
5875,0.18875056608081098
5876,0.5622249048014921
5877,0.6595888591459533
5878,0.3659862500804789
5879,0.28018316716024005
5880,0.6406374113536921
5881,0.6294275474759319
5882,0.5304322474599665
5883,0.29027609350855416
5884,0.21523329254552906
5885,0.2531361058081114
5886,0.48328783179639795
5887,0.748984711992166
5888,0.1730094526399979
5889,0.7369146011163724
5890,0.3592717153565841
5891,0.6223330577687742
5892,0.3716849611922686
5893,0.6543814426823692
5894,0.6085422802864807
5895,0.4320053201803277
5896,0.4302645003420161
5897,0.2907266186324242
5898,0.11771380007109578
5899,0.15182309505597558
5900,0.16013843182722093
5901,0.4241236706261576
5902,0.1418080051104271
5903,0.5656562492459477
5904,0.2309209618155578
5905,0.5806344512285735
5906,0.37574925825296596
5907,0.6135662327995463
5908,0.36671344286088264
5909,0.17994821866314006
5910,0.357707442428221
5911,0.27619331735477315
5912,0.4743811268468975
5913,0.3369678716188826
5914,0.10956114225287272
5915,0.5067511001429742
5916,0.2836789136280988
5917,0.4937509638196623
5918,0.7218172019992428
5919,0.5664647896905297
5920,0.25925371749025733
5921,0.19311694147467662
5922,0.3880083465684484
5923,0.5066773882250173
5924,0.4725728517185492
5925,0.10711586518693735
5926,0.43882620667332817
5927,0.6315128499363033
5928,0.20743945865498753
5929,0.2235591050831772
5930,0.47916670289939944
5931,0.12555625105234555
5932,0.5177618799317671
5933,0.1730291505201824
5934,0.5850112619328145
5935,0.7308452858829423
5936,0.5313563110730704
5937,0.6485613505005121
5938,0.4691765727717613
5939,0.3225998350352695
5940,0.2093269360970534
5941,0.2853145595212953
5942,0.37326011323980485
5943,0.5627150674186708
5944,0.14535959117113664
5945,0.10236467637361989
5946,0.2437311978426191
5947,0.31714111523683386
5948,0.5899605927410984
5949,0.16849503663540527
5950,0.6566294062908704
5951,0.5347807223118574
5952,0.562541301392693
5953,0.17378107069860094
5954,0.16331024876478992
5955,0.5677728475009611
5956,0.48946835798293065
5957,0.45185595347038904
5958,0.4545833561771873
5959,0.19298863827768983
5960,0.6532278063230396
5961,0.676559663365743
5962,0.5975133473421228
5963,0.5101738992677562
5964,0.44985917318617924
5965,0.27415399404156776
5966,0.7431395926375224
5967,0.7182984918806273
5968,0.588083475536114
5969,0.6107137990950569
5970,0.15318903705362608
5971,0.5281634970922788
5972,0.14655288157148755
5973,0.25105448353270976
5974,0.6477103232380257
5975,0.732540006325166
5976,0.36250002317166785
5977,0.5507350328507506
5978,0.4014531139747038
5979,0.7228189380947507
5980,0.4227319470129507
5981,0.5762390241113434
